365
00000000101101101


0000|0000|0000|0000|0000|00000000101101101

0000|0000|0000|0000|0000|00000001011011010

0000|0000|0000|0000|0000|00000010110110100

0000|0000|0000|0000|0000|00000101101101000

0000|0000|0000|0000|0000|00001011011010000

0000|0000|0000|0000|0000|00010110110100000

0000|0000|0000|0000|0000|00101101101000000

0000|0000|0000|0000|0000|01011011010000000

0000|0000|0000|0000|0000|10110110100000000

0000|0000|0000|0000|0001|01101101000000000

0000|0000|0000|0000|0010|11011010000000000

0000|0000|0000|0000|0101|10110100000000000
0000|0000|0000|0000|1000|10110100000000000

0000|0000|0000|0001|0001|01101000000000000

0000|0000|0000|0010|0010|11010000000000000

0000|0000|0000|0100|0101|10100000000000000
0000|0000|0000|0100|1000|10100000000000000

0000|0000|0000|1001|0001|01000000000000000
0000|0000|0000|1100|0001|01000000000000000

0000|0000|0001|1000|0010|10000000000000000
0000|0000|0001|1011|0010|10000000000000000

0000|0000|0011|0110|0101|00000000000000000
0000|0000|0011|1001|1000|00000000000000000

--> Anleitung führt zu 398, da am Ende noch einmal zu viel addiert wird!



EDIT: Doch kein Fehler! "Nach 17-maligem Schieben liegt die Zahl im BCD Format an (...)"
Die Anleitung wird aber verdeutlicht.
